Floor 0.0 0.0 0.125 0.125
Numb_0 0.125 0.0 0.125 0.125
Numb_1 0.25 0.0 0.125 0.125
Numb_2 0.375 0.0 0.125 0.125
Numb_3 0.5 0.0 0.125 0.125
Numb_4 0.625 0.0 0.125 0.125
Numb_5 0.75 0.0 0.125 0.125
Numb_6 0.875 0.0 0.125 0.125
Numb_7 0.0 0.125 0.125 0.125
Numb_8 0.0 0.25 0.125 0.125
Numb_9 0.0 0.375 0.125 0.125
Screen 0.0 0.5 0.125 0.125
Symbol_Divide 0.0 0.625 0.125 0.125
Symbol_Minus 0.0 0.75 0.125 0.125
Symbol_Plus 0.0 0.875 0.125 0.125
Symbol_Times 0.125 0.125 0.125 0.125
Tile 0.25 0.125 0.125 0.125
Wall 0.375 0.125 0.125 0.125
